"country"	"country_code"	"1950-1955"	"1955-1960"	"1960-1965"	"1965-1970"	"1970-1975"	"1975-1980"	"1980-1985"	"1985-1990"	"1990-1995"	"1995-2000"	"2000-2005"	"2005-2010"	"2010-2015"	"2015-2020"	"2020-2025"	"2025-2030"	"2030-2035"	"2035-2040"	"2040-2045"	"2045-2050"
"World"	900	4.9176	4.8084	4.9118	4.7807	4.3216	3.8345	3.6118	3.4253	3.0751	2.816	2.671	2.5648	2.4856	2.3974	2.3024	2.2147	2.1462	2.1032	2.064	2.0235
"More developed regions"	901	2.8169	2.7816	2.6671	2.3691	2.1731	1.9433	1.8592	1.8158	1.6689	1.5615	1.5795	1.637	1.6487	1.6565	1.6717	1.7012	1.739	1.7683	1.7883	1.8042
"Less developed regions"	902	5.997	5.7965	5.942	5.8146	5.1768	4.5254	4.1875	3.8864	3.4271	3.0965	2.8908	2.732	2.6198	2.5036	2.3858	2.2799	2.1964	2.142	2.0941	2.0468
"Least developed countries"	941	6.6229	6.6635	6.7295	6.7569	6.7386	6.6071	6.4285	6.0582	5.6395	5.2114	4.7775	4.3906	4.0798	3.7769	3.4814	3.2024	2.9538	2.744	2.5666	2.4113
"Other less developed countries"	934	5.9179	5.6805	5.8372	5.6938	4.97	4.2483	3.8943	3.605	3.1334	2.8027	2.6112	2.4635	2.3594	2.2533	2.1483	2.0592	1.9984	1.972	1.9507	1.9279
"Less developed regions, excluding China"	948	6.076	6.1525	6.1393	5.9655	5.6626	5.264	4.8753	4.4381	4.0098	3.5975	3.3041	3.0537	2.8578	2.6753	2.515	2.3744	2.2648	2.1944	2.1359	2.0807
"Sub-Saharan Africa"	947	6.5681	6.6189	6.6851	6.6983	6.7331	6.7232	6.615	6.417	6.0842	5.7224	5.4097	5.0752	4.6568	4.1983	3.7707	3.3986	3.0902	2.84	2.6341	2.4623
"Africa"	903	6.6299	6.6997	6.7467	6.7187	6.6866	6.6078	6.4414	6.1373	5.6476	5.2258	4.9081	4.6141	4.2678	3.8931	3.5416	3.2277	2.9594	2.7382	2.5566	2.4044
"Eastern Africa"	910	7.0254	7.0166	7.0801	7.0961	7.066	6.9988	6.8383	6.6661	6.305	5.9264	5.6017	5.2982	4.8472	4.3472	3.8796	3.4672	3.1212	2.8425	2.6186	2.4354
"Burundi"	108	6.801	6.801	6.801	6.801	6.801	6.801	6.8	6.7872	6.4528	6.081	5.405	4.655	4.0339	3.5847	3.218	2.9323	2.71	2.5334	2.3894	2.269
"Comoros"	174	6	6.601	6.909	7.05	7.05	7.05	7.05	6	5.08	4.5	4.2	3.998	3.599	3.229	2.941	2.717	2.539	2.394	2.273	2.17
"Djibouti"	262	7.8	7.8	7.8	7.6	7.2	6.8	6.6	6.4	5.85	5.112	4.517	3.949	3.48	3.125	2.859	2.654	2.489	2.354	2.24	2.142
"Eritrea"	232	6.965	6.965	6.815	6.699	6.52	6.5	6.5	6.31	6.082	5.659	5.188	4.683	4.173	3.705	3.313	3.006	2.768	2.58	2.428	2.301
"Ethiopia"	231	7.1696	6.9023	6.8972	6.8691	6.8088	6.7644	6.9347	7.0573	6.9988	6.4835	5.866	5.3813	4.8	4.2142	3.688	3.2533	2.904	2.6214	2.3882	2.1916
"Kenya"	404	7.481	7.785	8.065	8.11	7.99	7.64	7.216	6.538	5.566	5.072	5	4.959	4.539	4.036	3.587	3.22	2.933	2.711	2.534	2.39
"Madagascar"	450	7.3	7.3	7.3	7.3	7.3	7	6.1	6.3	6.139	5.801	5.278	4.776	4.264	3.785	3.378	3.056	2.807	2.611	2.453	2.323
"Malawi"	454	6.78	6.84	7	7.2	7.4	7.6	7.479	7.157	6.763	6.44	6.032	5.593	5.116	4.608	4.101	3.642	3.264	2.968	2.738	2.556
"Mauritius"	480	6.269	5.971	5.718	4.241	3.247	3.063	2.45	2.171	2.29	2.05	1.902	1.776	1.85	1.85	1.85	1.85	1.85	1.85	1.85	1.85
"Mayotte"	175	8	8	8	8	8	7	6.5	6	5.5	5	4	3.154	2.73	2.478	2.268	2.089	1.933	1.851	1.85	1.85
"Mozambique"	508	6.6	6.6	6.6	6.6	6.575	6.525	6.444	6.331	6.119	5.847	5.519	5.113	4.605	4.099	3.64	3.262	2.966	2.737	2.555	2.407
"Reunion"	638	5.65	5.85	5.65	4.82	3.93	3.28	2.9	2.54	2.43	2.339	2.459	2.439	2.334	2.223	2.127	2.042	1.967	1.9	1.853	1.85
"Rwanda"	646	7.8	8	8.1	8.2	8.2	8.25	8.25	7.55	6.1986	5.9424	5.81	5.43	5.0523	4.5423	4.0394	3.5894	3.2217	2.9351	2.7122	2.5352
"Somalia"	706	7.25	7.25	7.25	7.25	7.1	7	6.7	6.7	6.5	6.5	6.5	6.4	6.1651	5.7464	5.2832	4.7832	4.2714	3.7912	3.3833	3.0604
"Uganda"	800	6.9	6.95	7.05	7.12	7.1	7.1	7.1	7.1	7.063	6.945	6.703	6.381	5.912	5.382	4.801	4.215	3.689	3.254	2.905	2.622
"United Republic of Tanzania"	834	6.74	6.801	6.8	6.79	6.75	6.73	6.55	6.36	6.05	5.75	5.66	5.579	5.2956	4.7962	4.2843	3.8027	3.3926	3.0677	2.8157	2.6179
"Zambia"	894	6.75	6.9	7.15	7.4	7.425	7.375	6.95	6.658	6.3	6.2	6.1	5.874	5.343	4.758	4.169	3.654	3.255	2.957	2.73	2.551
"Zimbabwe"	716	6.8	7	7.3	7.4	7.4	7.3	6.74	5.656	4.773	4.054	3.739	3.471	3.118	2.854	2.649	2.486	2.351	2.238	2.14	2.054
"Middle Africa"	911	6.0316	6.0883	6.2081	6.3129	6.4117	6.534	6.6602	6.7156	6.6885	6.4829	6.2172	5.675	5.1763	4.6615	4.1474	3.6765	3.277	2.954	2.6942	2.4816
"Angola"	24	7	7.2	7.4	7.4	7.2	7.2	7.2	7.2	7.102	6.924	6.627	5.785	5.326	4.828	4.316	3.831	3.416	3.086	2.83	2.629
"Cameroon"	120	5.68	5.68	5.9	6.1	6.3	6.4	6.4	6.1	5.7	5.1	4.917	4.667	4.204	3.731	3.335	3.023	2.781	2.59	2.436	2.308
"Central African Republic"	140	5.516	5.75	5.9	5.95	5.95	5.95	5.95	5.9	5.65	5.54	5.3	4.8465	4.3341	3.8474	3.4291	3.0961	2.8378	2.6355	2.473	2.3393
"Chad"	148	6.1	6.2	6.3	6.4	6.6	6.737	6.751	6.698	6.647	6.619	6.542	6.195	5.779	5.32	4.822	4.309	3.825	3.411	3.082	2.827
"Congo"	178	5.684	5.786	5.989	6.192	6.293	6.293	5.994	5.547	5.207	4.8672	4.783	4.41	3.916	3.486	3.14	2.872	2.663	2.495	2.358	2.242
"Dem. Republic of the Congo"	180	5.98	5.98	6.04	6.15	6.289	6.462	6.72	6.975	7.136	7.036	6.703	6.074	5.515	4.944	4.353	3.808	3.35	2.982	2.685	2.441
"Equatorial Guinea"	226	5.501	5.499	5.53	5.658	5.68	5.68	5.79	5.89	5.89	5.868	5.638	5.358	5.078	4.682	4.172	3.704	3.313	3.006	2.767	2.579
"Gabon"	266	4	4	4.25	4.5	4.9	5.1	5.2	5.15	5.1	4.366	3.78	3.35	3.028	2.785	2.595	2.442	2.314	2.206	2.112	2.029
"Sao Tome and Principe"	678	6.2	6.2	6.3	6.4	6.515	6.495	6.237	5.659	5.163	4.796	4.341	3.853	3.434	3.1	2.841	2.638	2.475	2.341	2.228	2.131
"Northern Africa"	912	6.8399	6.9573	6.9331	6.7914	6.5435	6.2207	5.8398	5.1681	4.1794	3.5553	3.1636	2.909	2.6991	2.5274	2.3946	2.278	2.1707	2.0807	2.0181	1.9698
"Algeria"	12	7.278	7.278	7.38	7.38	7.38	7.175	6.49	5.29	4.131	2.885	2.5263	2.3828	2.2644	2.1628	2.0741	1.9956	1.9253	1.8649	1.85	1.85
"Egypt"	818	6.37	6.65	6.55	6.2	5.7	5.66	5.52	5.2	3.908	3.5	3.1602	2.8863	2.675	2.5069	2.3688	2.2525	2.1525	2.065	1.9875	1.918
"Libyan Arab Jamahiriya"	434	6.868	6.97	7.175	7.483	7.585	7.38	7.175	5.65	4.1	3.411	3.03	2.724	2.474	2.264	2.085	1.93	1.851	1.85	1.85	1.85
"Morocco"	504	7.18	7.18	7.15	7.09	6.89	5.9	5.4	4.447	3.66	2.968	2.522	2.376	2.259	2.158	2.07	1.992	1.922	1.863	1.85	1.85
"Sudan"	736	6.65	6.65	6.6	6.6	6.6	6.519	6.338	6.083	5.809	5.414	4.82	4.228	3.702	3.291	2.984	2.751	2.568	2.42	2.296	2.19
"Tunisia"	788	6.93	7.04	7.25	6.89	6.21	5.69	4.92	4.14	3.125	2.317	1.968	1.86	1.823	1.798	1.843	1.85	1.85	1.85	1.85	1.85
"Western Sahara"	732	6.6	6.6	6.6	6.6	6.6	6.1	5.6	4.9	4.156	3.53	3.007	2.698	2.526	2.384	2.266	2.164	2.075	1.996	1.926	1.865
"Southern Africa"	913	6.2245	6.24	6.1982	5.7711	5.5721	5.1429	4.7134	4.1611	3.5039	3.0937	2.9016	2.6375	2.4907	2.3577	2.2445	2.1463	2.0579	1.9813	1.9133	1.8769
"Botswana"	72	6.5	6.575	6.65	6.7	6.546	6.366	5.965	5.109	4.321	3.7	3.18	2.896	2.683	2.513	2.374	2.257	2.156	2.068	1.991	1.921
"Lesotho"	426	5.84	5.861	5.811	5.8	5.8	5.686	5.459	5.135	4.701	4.373	3.793	3.373	3.052	2.804	2.608	2.451	2.321	2.211	2.116	2.033
"Namibia"	516	6	6.1	6.2	6.3	6.6	6.6	6.2	5.547	4.912	4.292	3.808	3.401	3.066	2.814	2.618	2.461	2.33	2.219	2.124	2.04
"South Africa"	710	6.5	6.5	6.3	5.7	5.47	5	4.556	4	3.343	2.954	2.802	2.55	2.419	2.295	2.189	2.098	2.016	1.944	1.879	1.85
"Swaziland"	748	6.7	6.7	6.75	6.849	6.866	6.733	6.537	6.132	5.295	4.491	4.01	3.574	3.195	2.912	2.695	2.523	2.382	2.264	2.163	2.074
"Western Africa"	914	6.4206	6.5355	6.6248	6.7086	6.8441	6.9508	6.9014	6.6792	6.3354	5.9361	5.5866	5.2691	4.8168	4.3066	3.8497	3.4741	3.1783	2.9409	2.7441	2.5771
"Benin"	204	5.6597	5.9563	6.2669	6.5192	6.7342	6.9261	7.0087	6.8818	6.5629	6.1566	5.7901	5.4846	5.0897	4.5809	4.0758	3.6204	3.2463	2.9542	2.7272	2.5472
"Burkina Faso"	854	6.1035	6.243	6.35	6.5627	6.7	7.0182	7.0553	6.9445	6.7117	6.3987	6.1372	5.9446	5.5458	5.0644	4.5548	4.0512	3.5994	3.2296	2.9413	2.717
"Cape Verde"	132	6.598	6.902	7.004	7.004	7.004	6.75	6.1	5.6654	4.8959	4.0937	3.3855	2.7638	2.5233	2.381	2.262	2.1604	2.0721	1.9943	1.9249	1.8652
"Cote d'Ivoire"	384	6.7739	7.1544	7.5325	7.8254	7.9261	7.8123	7.3125	6.61	5.9198	5.3074	5.0485	4.6453	4.1867	3.7164	3.3229	3.0135	2.7735	2.5843	2.4313	2.3044
"Gambia"	270	5.404	5.5398	5.7436	5.9996	6.2475	6.4066	6.3385	6.1526	6.0375	5.8039	5.4551	5.0979	4.6393	4.1316	3.6684	3.2844	2.9837	2.7503	2.5657	2.416
"Ghana"	288	6.4257	6.6391	6.8436	6.9514	6.8975	6.6878	6.3494	5.8817	5.3426	4.8685	4.5378	4.3081	3.996	3.649	3.361	3.1	2.895	2.731	2.596	2.482
"Guinea"	324	6.4753	6.617	6.7118	6.7853	6.8487	6.9117	6.9473	6.8612	6.5811	6.1876	5.7997	5.4514	5.0108	4.4999	3.9996	3.5557	3.1951	2.9146	2.6961	2.5222
"Guinea-Bissau"	624	7.4092	5.8746	5.8746	4.7815	7.3433	6.1069	5.6848	5.8276	5.9039	5.9046	5.8326	5.7271	5.433	5.01	4.548	4.065	3.652	3.325	3.072	2.873
"Liberia"	430	6.1789	7.1943	7.4288	7.1871	6.4179	6.7698	6.6451	6.6001	6.3776	6.0757	5.6145	5.1447	4.6877	4.1782	3.709	3.3169	3.0089	2.7699	2.5814	2.4289
"Mali"	466	6.2321	6.6378	6.6574	6.7705	6.5916	6.5535	6.5604	6.5214	6.32	5.9728	5.6911	5.4856	5.172	4.737	4.285	3.835	3.469	3.183	2.96	2.784
"Mauritania"	478	6.3378	6.7053	6.7863	6.7896	6.7498	6.5726	6.2561	6.0145	5.6838	5.2883	4.8983	4.5196	4.0668	3.6127	3.2402	2.9494	2.7234	2.5442	2.3983	2.2766
"Niger"	562	6.8604	7.0481	7.2878	7.5258	7.7442	7.9992	8.0531	7.9432	7.7887	7.6066	7.3789	7.1466	6.8642	6.5227	6.1442	5.7232	5.2578	4.7564	4.2451	3.7678
"Nigeria"	566	6.5481	6.5481	6.5481	6.5481	6.7172	6.8912	6.9263	6.7574	6.4381	6.0508	5.6726	5.3186	4.7895	4.1986	3.6786	3.2736	2.9709	2.7409	2.5599	2.4128
"Senegal"	686	5.9674	6.4623	6.7452	7.2455	7.498	7.5425	7.2929	6.9089	6.502	5.8929	5.353	5.0405	4.5017	3.9355	3.4694	3.1172	2.8529	2.6488	2.4857	2.3511
"Sierra Leone"	694	5.52	5.5962	5.6971	5.7701	5.8408	5.8432	5.7075	5.5687	5.4957	5.434	5.3318	5.2195	4.969	4.532	4.096	3.678	3.345	3.087	2.885	2.722
"Togo"	768	6.3344	6.4217	6.6518	6.937	7.1986	7.2768	7.0567	6.5835	5.9926	5.3844	4.8329	4.3038	3.867	3.4453	3.1086	2.8476	2.6432	2.4793	2.3445	2.231
"Asia"	935	5.729	5.3983	5.5506	5.4644	4.7604	4.0257	3.7189	3.4716	3.0136	2.6896	2.4983	2.3508	2.2645	2.1804	2.0926	2.0134	1.9574	1.9384	1.922	1.9033
"Eastern Asia"	906	5.4167	4.6555	5.035	5.0128	3.7932	2.6807	2.5313	2.5234	1.9736	1.7625	1.7099	1.7202	1.7529	1.7903	1.7979	1.8053	1.8181	1.8279	1.8307	1.8293
"China"	156	6.107	5.476	5.607	5.937	4.765	2.926	2.614	2.629	2.012	1.804	1.765	1.765	1.79	1.837	1.85	1.85	1.85	1.85	1.85	1.85
"China, Hong Kong SAR"	344	4.44	4.72	5.31	4.02	2.89	2.32	1.8	1.31	1.288	1.08	0.977	1.02	1.009	1.059	1.109	1.159	1.209	1.259	1.309	1.359
"China, Macao SAR"	446	5.03	4.9	5.1	3	3.2	2	2.5	2.05	1.55	1.116	0.844	0.953	1.005	1.055	1.105	1.155	1.205	1.255	1.305	1.355
"Dem. People's Rep. of Korea"	408	2.7	3.8	3.41	4.09	3.72	2.58	2.93	2.45	2.35	2.094	1.917	1.863	1.85	1.85	1.85	1.85	1.85	1.85	1.85	1.85
"Japan"	392	2.999	2.155	1.986	2.02	2.134	1.831	1.752	1.664	1.476	1.369	1.298	1.265	1.27	1.295	1.345	1.395	1.445	1.495	1.545	1.595
"Mongolia"	496	6	6	6	7.325	7.333	6.648	5.738	4.834	3.484	2.402	2.061	2.021	1.921	1.85	1.85	1.85	1.85	1.85	1.85	1.85
"Republic of Korea"	410	5.05	6.332	5.63	4.708	4.281	2.919	2.234	1.601	1.696	1.514	1.219	1.216	1.26	1.285	1.335	1.385	1.435	1.485	1.535	1.585
"South-Central Asia"	921	6.0373	6.0418	6.0018	5.8555	5.565	5.2457	4.8827	4.4819	4.0441	3.5408	3.1664	2.8172	2.5996	2.4153	2.2507	2.104	2.0013	1.9732	1.9543	1.9354
"Afghanistan"	4	7.7	7.7	7.7	7.7	7.7	7.7	7.8	7.9	8	8	7.3494	6.6336	6.2536	5.8449	5.3915	4.8984	4.386	3.8945	3.4679	3.1263
"Bangladesh"	50	6.7	6.76	6.85	6.85	6.85	6.6295	5.9245	4.8945	3.9649	3.3037	2.8015	2.3577	2.1962	2.1034	2.022	1.9497	1.8849	1.8505	1.85	1.85
"Bhutan"	64	6.67	6.67	6.67	6.67	6.67	6.67	6.453	6.263	5.405	4.234	3.379	2.677	2.399	2.201	2.031	1.888	1.85	1.85	1.85	1.85
"India"	356	5.9136	5.8961	5.8216	5.6395	5.264	4.8888	4.4975	4.15	3.8648	3.4551	3.1132	2.7632	2.5188	2.3022	2.1181	1.9588	1.8552	1.85	1.85	1.85
"Iran (Islamic Republic of)"	364	7	7	7	6.8	6.4	6.5	6.63	5.62	3.95	2.5	2.12	1.83	1.74	1.79	1.83	1.85	1.85	1.85	1.85	1.85
"Kazakhstan"	398	4.406	4.555	4.431	3.671	3.459	3.06	2.957	3.033	2.55	2	2.006	2.31	2.201	2.108	2.026	1.953	1.888	1.851	1.85	1.85
"Kyrgyzstan"	417	4.509	4.834	5.39	5.011	4.726	4.054	4.101	4.019	3.612	2.986	2.5	2.562	2.393	2.196	2.026	1.885	1.85	1.85	1.85	1.85
"Maldives"	462	7	7	7	7	7	7	6.8	6.6	5.2632	3.4474	2.3816	2.063	1.936	1.873	1.85	1.85	1.85	1.85	1.85	1.85
"Nepal"	524	6.1529	6.1529	6.152	6.1297	6.0945	6.0194	5.7465	5.3578	4.9333	4.3642	3.6124	2.9355	2.6625	2.4967	2.3604	2.2453	2.1462	2.0595	1.9826	1.9136
"Pakistan"	586	6.6	6.6	6.6	6.85	7	6.8	6.6	6.4494	5.6701	4.9772	4.4369	4.0024	3.584	3.2027	2.9176	2.6995	2.5267	2.3853	2.2665	2.1646
"Sri Lanka"	144	5.8	5.8	5.2	4.7	4	3.6064	3.1894	2.6789	2.45	2.16	2.3302	2.333	2.2246	2.128	2.0437	1.9691	1.9023	1.854	1.85	1.85
"Tajikistan"	762	5.995	6.199	6.302	6.719	6.834	5.897	5.543	5.406	4.877	4.29	3.805	3.45	3.128	2.804	2.539	2.319	2.133	1.972	1.859	1.85
"Turkmenistan"	795	5.995	6.015	6.752	6.343	6.187	5.324	4.79	4.55	4.03	3.03	2.755	2.499	2.285	2.104	1.946	1.852	1.85	1.85	1.85	1.85
"Uzbekistan"	860	5.97	6.5	6.8	6.6	6.3	5.584	4.726	4.4	3.88	3.05	2.55	2.292	2.187	2.095	2.014	1.942	1.877	1.85	1.85	1.85
"South-Eastern Asia"	920	5.9778	6.1761	6.208	6.0298	5.5666	4.8377	4.2165	3.6276	3.1294	2.7	2.4797	2.3197	2.1823	2.0706	2.0168	1.9783	1.9494	1.9255	1.9055	1.886
"Brunei Darussalam"	96	6.999	6.999	6.72	5.941	5.401	4.4	3.8	3.37	3.09	2.7	2.277	2.108	1.95	1.853	1.85	1.85	1.85	1.85	1.85	1.85
"Cambodia"	116	6.294	6.294	6.291	6.216	5.535	4.7	6.6	6	5.549	4.45	3.406	2.962	2.7	2.527	2.385	2.267	2.165	2.076	1.997	1.927
"Indonesia"	360	5.486	5.672	5.62	5.568	5.3	4.73	4.109	3.4	2.9	2.55	2.381	2.186	2.018	1.88	1.85	1.85	1.85	1.85	1.85	1.85
"Lao People's Dem. Republic"	418	6.1	6	6	6	6	6	6.25	6.2	5.8	5.247	3.9345	3.5432	3.1853	2.907	2.6901	2.5173	2.3761	2.2578	2.1568	2.0689
"Malaysia"	458	6.833	6.944	6.724	5.941	5.15	4.161	4.242	3.996	3.47	3.1	2.854	2.58	2.354	2.162	1.997	1.869	1.85	1.85	1.85	1.85
"Myanmar"	104	6	6	6.1	6.1	5.9	5.1	4.6	3.8	3.1	2.65	2.447	2.317	2.208	2.113	2.031	1.958	1.892	1.851	1.85	1.85
"Philippines"	608	7.29	7.13	6.85	6.5	6	5.5	4.95	4.55	4.143	3.725	3.339	3.11	2.847	2.644	2.482	2.348	2.235	2.137	2.051	1.975
"Singapore"	702	6.4	5.99	4.93	3.46	2.62	1.87	1.69	1.71	1.76	1.57	1.358	1.268	1.285	1.335	1.385	1.435	1.485	1.535	1.585	1.635
"Thailand"	764	6.345	6.345	6.344	5.985	5.052	3.915	2.945	2.3	2.053	1.859	1.81	1.8097	1.85	1.85	1.85	1.85	1.85	1.85	1.85	1.85
"Timor-Leste"	626	6.441	6.353	6.371	6.156	6.15	4.305	5.39	5.209	5.685	7.005	6.955	6.525	6.002	5.486	4.912	4.317	3.777	3.348	3.026	2.784
"Viet Nam"	704	5.748	6.548	7.248	7.245	6.697	5.888	4.495	4.023	3.3	2.5	2.25	2.08	1.945	1.852	1.85	1.85	1.85	1.85	1.85	1.85
"Western Asia"	922	6.332	6.0753	6.0554	5.9492	5.6564	5.2756	4.9787	4.4632	4.0349	3.5967	3.1791	2.9523	2.7617	2.5851	2.4261	2.2941	2.1877	2.0953	2.0336	1.9823
"Armenia"	51	4.494	4.494	4.453	3.447	3.037	2.503	2.376	2.575	2.38	1.75	1.721	1.735	1.785	1.834	1.85	1.85	1.85	1.85	1.85	1.85
"Azerbaijan"	31	5.493	5.41	5.637	4.935	4.289	3.624	3.036	2.95	2.9	2.2	2	2.156	2.116	2.033	1.96	1.894	1.852	1.85	1.85	1.85
"Bahrain"	48	6.97	6.97	7.175	6.97	5.945	5.228	4.633	4.08	3.362	2.76	2.506	2.292	2.109	1.951	1.853	1.85	1.85	1.85	1.85	1.85
"Cyprus"	196	3.705	3.498	3.436	2.795	2.49	2.287	2.449	2.428	2.36	1.919	1.609	1.52	1.545	1.595	1.645	1.695	1.745	1.795	1.841	1.85
"Georgia"	268	3	2.909	2.979	2.611	2.601	2.39	2.269	2.263	2.05	1.72	1.58	1.58	1.605	1.655	1.705	1.755	1.805	1.846	1.85	1.85
"Iraq"	368	7.3	6.202	6.598	7.4	7.15	6.8	6.35	6.15	5.8	5.4	4.63	4.107	3.657	3.257	2.959	2.731	2.552	2.407	2.285	2.18
"Israel"	376	4.161	3.893	3.852	3.79	3.77	3.409	3.125	3.051	2.933	2.942	2.904	2.805	2.616	2.457	2.326	2.216	2.12	2.037	1.963	1.897
"Jordan"	400	7.38	7.38	7.995	7.995	7.79	7.38	6.765	5.87	5.14	4.315	3.529	3.13	2.805	2.54	2.32	2.133	1.972	1.859	1.85	1.85
"Kuwait"	414	7.207	7.207	7.308	7.41	6.902	5.887	4.872	3.938	3.2	2.614	2.296	2.184	2.093	2.012	1.941	1.877	1.85	1.85	1.85	1.85
"Lebanon"	422	5.74	5.72	5.689	5.336	4.78	4.311	3.895	3.313	3	2.695	2.091	1.862	1.85	1.85	1.85	1.85	1.85	1.85	1.85	1.85
"Occupied Palestinian Territory"	275	7.38	7.38	7.995	7.995	7.73	7.387	7	6.43	6.46	6.03	5.631	5.093	4.497	3.931	3.466	3.115	2.851	2.647	2.484	2.35
"Oman"	512	7.2	7.2	7.2	7.2	7.2	7.2	7.2	6.8	6.3	5.1	3.8	3.089	2.84	2.639	2.478	2.344	2.232	2.134	2.049	1.973
"Qatar"	634	6.97	6.97	6.97	6.97	6.765	6.109	5.453	4.7	4.1	3.377	2.919	2.43	2.268	2.165	2.076	1.998	1.928	1.867	1.85	1.85
"Saudi Arabia"	682	7.175	7.175	7.257	7.257	7.298	7.278	7.015	6.217	5.446	4.621	3.81	3.165	2.829	2.56	2.337	2.148	1.984	1.863	1.85	1.85
"Syrian Arab Republic"	760	7.3	7.45	7.6	7.6	7.518	7.471	7.181	6.238	4.856	4.017	3.641	3.285	2.929	2.642	2.405	2.206	2.035	1.891	1.85	1.85
"Turkey"	792	6.93	6.57	6.054	5.674	5.461	4.715	3.985	3.276	2.904	2.574	2.227	2.131	2.0447	1.9694	1.9017	1.8536	1.85	1.85	1.85	1.85
"United Arab Emirates"	784	6.97	6.97	6.868	6.765	6.355	5.658	5.228	4.825	3.875	2.966	2.486	1.949	1.875	1.85	1.85	1.85	1.85	1.85	1.85	1.85
"Yemen"	887	8.2	8.3	8.4	8.55	8.7	8.7	8.7	8.4	7.7	6.726	5.9	5.3	4.653	4.077	3.572	3.16	2.829	2.56	2.337	2.148
"Europe"	908	2.6485	2.6358	2.565	2.3536	2.1908	1.9976	1.8981	1.8173	1.5675	1.4203	1.4326	1.496	1.5308	1.5622	1.6023	1.6536	1.7042	1.7449	1.7734	1.7961
"Eastern Europe"	923	2.8155	2.7519	2.4479	2.1185	2.1435	2.0841	2.0897	2.1028	1.6191	1.2896	1.2634	1.3452	1.4265	1.4882	1.5381	1.5894	1.6421	1.6942	1.7448	1.7891
"Belarus"	112	2.61	2.73	2.69	2.38	2.25	2.09	2.088	2.045	1.677	1.308	1.2353	1.2793	1.287	1.312	1.362	1.412	1.462	1.512	1.562	1.612
"Bulgaria"	100	2.48	2.27	2.18	2.15	2.17	2.17	2.01	1.92	1.506	1.224	1.252	1.402	1.499	1.549	1.599	1.649	1.699	1.749	1.799	1.843
"Czech Republic"	203	2.69	2.35	2.221	1.927	2.185	2.31	1.999	1.92	1.654	1.172	1.187	1.407	1.524	1.574	1.624	1.674	1.724	1.774	1.824	1.85
"Hungary"	348	2.73	2.21	1.82	1.98	2.09	2.12	1.81	1.82	1.73	1.377	1.297	1.352	1.418	1.468	1.518	1.568	1.618	1.668	1.718	1.768
"Poland"	616	3.62	3.29	2.65	2.27	2.25	2.26	2.33	2.15	1.89	1.478	1.253	1.265	1.292	1.342	1.392	1.442	1.492	1.542	1.592	1.642
"Republic of Moldova"	498	3.5	3.44	3.15	2.66	2.56	2.44	2.55	2.64	2.111	1.7	1.5	1.5	1.525	1.575	1.625	1.675	1.725	1.775	1.825	1.85
"Romania"	642	2.87	2.62	2.04	2.96	2.62	2.53	2.25	2.28	1.5	1.347	1.292	1.32	1.345	1.395	1.445	1.495	1.545	1.595	1.645	1.695
"Russian Federation"	643	2.85	2.82	2.55	2.02	2.03	1.94	2.04	2.121	1.545	1.247	1.298	1.365	1.458	1.526	1.576	1.626	1.676	1.726	1.776	1.826
"Slovakia"	703	3.52	3.27	2.89	2.5	2.51	2.47	2.28	2.15	1.87	1.403	1.22	1.278	1.345	1.395	1.445	1.495	1.545	1.595	1.645	1.695
"Ukraine"	804	2.81	2.7	2.2	2.04	2.16	2	2.021	2.034	1.644	1.225	1.153	1.313	1.47	1.574	1.624	1.674	1.724	1.774	1.824	1.85
"Northern Europe"	924	2.3783	2.4921	2.74	2.5975	2.1954	1.8509	1.8727	1.8593	1.8064	1.6793	1.6865	1.8232	1.8309	1.8303	1.834	1.8388	1.8419	1.8441	1.8461	1.8481
"Channel Islands"	830	2.056	2.222	2.562	2.362	1.858	1.523	1.439	1.45	1.461	1.4	1.414	1.42	1.42	1.445	1.495	1.545	1.595	1.645	1.695	1.745
"Denmark"	208	2.551	2.549	2.586	2.272	1.965	1.683	1.43	1.544	1.748	1.756	1.76	1.843	1.85	1.85	1.85	1.85	1.85	1.85	1.85	1.85
"Estonia"	233	2.06	1.99	1.94	2.02	2.15	2.06	2.09	2.199	1.627	1.331	1.391	1.639	1.786	1.835	1.85	1.85	1.85	1.85	1.85	1.85
"Finland"	246	2.997	2.769	2.66	2.191	1.623	1.663	1.685	1.66	1.819	1.743	1.754	1.825	1.85	1.85	1.85	1.85	1.85	1.85	1.85	1.85
"Iceland"	352	3.7	4.023	3.943	3.154	2.843	2.287	2.248	2.116	2.194	2.056	1.993	2.098	2.054	1.978	1.91	1.857	1.85	1.85	1.85	1.85
"Ireland"	372	3.38	3.68	3.979	3.873	3.815	3.478	2.877	2.287	1.969	1.9	1.955	1.959	1.924	1.865	1.85	1.85	1.85	1.85	1.85	1.85
"Latvia"	428	2	1.95	1.85	1.81	2	2	2	2.09	1.627	1.171	1.249	1.395	1.482	1.532	1.582	1.632	1.682	1.732	1.782	1.831
"Lithuania"	440	2.71	2.66	2.4	2.27	2.32	2.12	2.03	2.09	1.812	1.471	1.277	1.343	1.43	1.48	1.53	1.58	1.63	1.68	1.73	1.78
"Norway"	578	2.602	2.837	2.898	2.719	2.248	1.81	1.687	1.8	1.886	1.853	1.801	1.894	1.855	1.85	1.85	1.85	1.85	1.85	1.85	1.85
"Sweden"	752	2.213	2.234	2.324	2.16	1.891	1.661	1.646	1.909	2.006	1.555	1.67	1.865	1.853	1.85	1.85	1.85	1.85	1.85	1.85	1.85
"United Kingdom"	826	2.18	2.49	2.81	2.52	2.04	1.72	1.8	1.81	1.78	1.7	1.695	1.844	1.85	1.85	1.85	1.85	1.85	1.85	1.85	1.85
"Southern Europe"	925	2.6191	2.5899	2.6802	2.6877	2.5539	2.2625	1.8336	1.551	1.4062	1.325	1.3518	1.4358	1.5005	1.5448	1.5811	1.6229	1.6752	1.7306	1.7693	1.7966
"Albania"	8	5.597	5.978	5.763	5.113	4.658	4.202	3.403	3.076	2.78	2.483	1.99	1.873	1.85	1.85	1.85	1.85	1.85	1.85	1.85	1.85
"Bosnia and Herzegovina"	70	4.82	4.28	3.81	3.17	2.63	2.24	1.99	1.9	1.53	1.535	1.276	1.214	1.239	1.289	1.339	1.389	1.439	1.489	1.539	1.589
"Croatia"	191	2.76	2.42	2.27	2.09	1.96	2.02	1.96	1.84	1.52	1.537	1.362	1.424	1.491	1.541	1.591	1.641	1.691	1.741	1.791	1.838
"Greece"	300	2.29	2.27	2.2	2.38	2.32	2.32	1.96	1.53	1.37	1.296	1.281	1.376	1.405	1.455	1.505	1.555	1.605	1.655	1.705	1.755
"Italy"	380	2.355	2.29	2.466	2.515	2.351	1.941	1.536	1.342	1.281	1.215	1.259	1.375	1.41	1.435	1.485	1.535	1.585	1.635	1.685	1.735
"Malta"	470	4.136	3.735	3.098	2.165	2.074	2.019	1.963	2.019	2.021	1.848	1.447	1.26	1.285	1.335	1.385	1.435	1.485	1.535	1.585	1.635
"Montenegro"	499	3.22	2.75	2.57	2.43	2.36	2.37	2.17	1.965	1.808	1.838	1.781	1.636	1.665	1.715	1.765	1.815	1.849	1.85	1.85	1.85
"Portugal"	620	3.039	3.03	3.074	2.849	2.748	2.41	2.009	1.62	1.486	1.455	1.435	1.381	1.39	1.44	1.49	1.54	1.59	1.64	1.69	1.74
"Serbia"	688	3.22	2.75	2.57	2.43	2.36	2.37	2.32	2.23	1.96	1.744	1.723	1.618	1.625	1.675	1.725	1.775	1.825	1.85	1.85	1.85
"Slovenia"	705	2.8	2.39	2.32	2.32	2.19	2.2	1.875	1.66	1.36	1.25	1.226	1.357	1.467	1.517	1.567	1.617	1.667	1.717	1.767	1.817
"Spain"	724	2.57	2.75	2.89	2.92	2.86	2.57	1.89	1.456	1.27	1.182	1.293	1.426	1.558	1.649	1.699	1.749	1.799	1.843	1.85	1.85
"TFYR Macedonia"	807	5.32	4.53	3.785	3.385	2.81	2.549	2.328	2.178	2.056	1.801	1.562	1.44	1.465	1.515	1.565	1.615	1.665	1.715	1.765	1.815
"Western Europe"	926	2.4103	2.4923	2.6689	2.4635	1.9757	1.666	1.6346	1.586	1.4962	1.5141	1.5797	1.588	1.5869	1.6187	1.6526	1.6845	1.7144	1.7413	1.7652	1.7878
"Austria"	40	2.08	2.497	2.783	2.572	2.04	1.654	1.594	1.444	1.465	1.371	1.39	1.383	1.405	1.455	1.505	1.555	1.605	1.655	1.705	1.755
"Belgium"	56	2.343	2.496	2.644	2.392	2.015	1.705	1.595	1.559	1.613	1.604	1.638	1.771	1.804	1.844	1.85	1.85	1.85	1.85	1.85	1.85
"France"	250	2.726	2.712	2.85	2.607	2.31	1.862	1.866	1.805	1.713	1.7624	1.8833	1.8916	1.8511	1.85	1.85	1.85	1.85	1.85	1.85	1.85
"Germany"	276	2.16	2.3	2.49	2.32	1.64	1.52	1.46	1.43	1.31	1.34	1.348	1.324	1.339	1.389	1.439	1.489	1.539	1.589	1.639	1.689
"Luxembourg"	442	1.98	2.23	2.395	2.192	1.722	1.486	1.465	1.469	1.663	1.7213	1.654	1.66	1.694	1.744	1.794	1.84	1.85	1.85	1.85	1.85
"Netherlands"	528	3.062	3.095	3.168	2.797	2.059	1.596	1.515	1.555	1.583	1.6	1.726	1.737	1.77	1.809	1.847	1.85	1.85	1.85	1.85	1.85
"Switzerland"	756	2.28	2.34	2.51	2.27	1.82	1.53	1.53	1.53	1.54	1.47	1.415	1.452	1.485	1.535	1.585	1.635	1.685	1.735	1.785	1.834
"Latin America and the Caribbean"	904	5.8501	5.9022	5.9451	5.5244	5.0148	4.4648	3.9266	3.4153	3.0216	2.7307	2.4974	2.2636	2.0934	1.976	1.8953	1.8452	1.8214	1.8076	1.8161	1.8218
"Caribbean"	915	5.2087	5.1455	5.4389	4.9854	4.3592	3.6211	3.4031	3.122	2.8343	2.6343	2.506	2.3738	2.2947	2.2211	2.1523	2.0858	2.0266	1.9756	1.9351	1.9007
"Aruba"	533	5.65	5.15	4.399	3.301	2.651	2.45	2.358	2.3	2.174	2	1.816	1.738	1.748	1.798	1.842	1.85	1.85	1.85	1.85	1.85
"Bahamas"	44	4.053	4.305	4.503	3.794	3.444	3.221	3.16	2.62	2.6	2.4	2.111	2.022	1.949	1.883	1.85	1.85	1.85	1.85	1.85	1.85
"Barbados"	52	4.67	4.67	4.26	3.45	2.74	2.19	1.92	1.75	1.6	1.5	1.5	1.525	1.575	1.625	1.675	1.725	1.775	1.825	1.85	1.85
"Cuba"	192	4.15	3.6995	4.6805	4.3	3.6	2.15	1.8495	1.8495	1.6505	1.6095	1.63	1.4995	1.5395	1.5705	1.5995	1.6195	1.6395	1.6595	1.6705	1.68
"Dominican Republic"	214	7.6	7.641	7.351	6.65	5.68	4.76	4.15	3.65	3.31	2.98	2.83	2.67	2.479	2.323	2.197	2.096	2.018	1.955	1.907	1.87
"Grenada"	308	5.8	6.7	6.4	4.8	4.6	4.3	4.23	4.14	3.46	2.814	2.429	2.302	2.195	2.102	2.021	1.949	1.884	1.85	1.85	1.85
"Guadeloupe"	312	5.61	5.61	5.61	5.22	4.49	3.06	2.55	2.45	2.097	2.1	2.059	2.114	2.031	1.9571	1.8906	1.8509	1.85	1.85	1.85	1.85
"Haiti"	332	6.3	6.3	6.3	6	5.601	5.8	6.21	5.7	5.15	4.619	4	3.545	3.186	2.908	2.691	2.517	2.378	2.258	2.157	2.069
"Jamaica"	388	4.22	5.08	5.64	5.78	5	4	3.55	3.1	2.84	2.67	2.5283	2.4	2.278	2.174	2.084	2.005	1.934	1.872	1.85	1.85
"Martinique"	474	5.71	5.71	5.45	5	4.08	2.65	2.14	2.14	1.962	1.9	1.9771	1.9108	1.8574	1.85	1.85	1.85	1.85	1.85	1.85	1.85
"Netherlands Antilles"	530	5.65	5.15	4.399	3.301	2.651	2.45	2.358	2.3	2.28	2.121	2.091	1.979	1.91	1.857	1.85	1.85	1.85	1.85	1.85	1.85
"Puerto Rico"	630	4.97	4.82	4.37	3.41	2.99	2.76	2.46	2.26	2.18	2.02	1.8382	1.827	1.85	1.85	1.85	1.85	1.85	1.85	1.85	1.85
"Saint Lucia"	662	6	6.938	6.794	6.479	5.691	5.2	4.2	3.65	3.15	2.6	2.1	2.048	1.903	1.85	1.85	1.85	1.85	1.85	1.85	1.85
"St. Vincent and the Grenadines"	670	7.33	7.33	7.02	6.41	5.54	4.42	3.64	3.1	2.85	2.55	2.237	2.132	2.047	1.972	1.905	1.855	1.85	1.85	1.85	1.85
"Trinidad and Tobago"	780	5.3	5.3	4.99	3.79	3.45	3.4	3.22	2.8	2.1	1.729	1.61	1.635	1.685	1.735	1.785	1.834	1.85	1.85	1.85	1.85
"United States Virgin Islands"	850	5.57	5.57	5.5019	5.3656	4.9772	4.3365	3.6959	3.0854	3.0915	2.5	2.23	2.146	2.06	1.983	1.915	1.859	1.85	1.85	1.85	1.85
"Central America"	916	6.7281	6.8121	6.7606	6.6775	6.3824	5.3577	4.503	3.9047	3.4739	2.9645	2.6605	2.452	2.2734	2.1161	2.0407	1.9926	1.9466	1.9033	1.8698	1.8466
"Belize"	84	6.65	6.55	6.45	6.35	6.25	6.2	5.4	4.7	4.347	3.85	3.35	2.935	2.647	2.409	2.209	2.038	1.892	1.85	1.85	1.85
"Costa Rica"	188	6.724	7.114	7.225	5.801	4.346	3.776	3.527	3.374	2.945	2.584	2.282	1.96	1.939	1.852	1.85	1.85	1.85	1.85	1.85	1.85
"El Salvador"	222	6.298	6.598	6.759	6.428	5.949	5.459	4.799	4.199	3.728	3.298	2.599	2.349	2.221	2.13	2.112	2.029	1.955	1.891	1.851	1.851
"Guatemala"	320	7	6.6	6.5	6.3	6.2	6.201	6.1	5.701	5.45	5.001	4.6	4.152	3.71	3.293	2.923	2.606	2.345	2.136	1.974	1.85
"Honduras"	340	7.497	7.497	7.418	7.421	7.05	6.6	5.9995	5.37	4.916	4.3005	3.723	3.308	2.9485	2.6575	2.4185	2.2175	2.0445	1.8975	1.8495	1.8495
"Mexico"	484	6.7	6.8	6.7495	6.7495	6.5	5.2505	4.25	3.6295	3.1905	2.6705	2.4005	2.211	2.04	1.893	1.8505	1.8505	1.8505	1.8505	1.8505	1.8505
"Nicaragua"	558	7.2	7.5	7.1	6.95	6.79	6.35	5.85	5	4.5	3.6	3	2.755	2.547	2.373	2.231	2.115	2.024	1.952	1.895	1.85
"Panama"	591	5.68	5.89	5.915	5.62	4.935	4.0545	3.515	3.201	2.87	2.79	2.7	2.5605	2.4145	2.291	2.1865	2.094	2.013	1.9415	1.8765	1.8505
"South America"	931	5.6595	5.7101	5.7416	5.2088	4.636	4.2595	3.7862	3.2752	2.8771	2.6508	2.431	2.178	2.0029	1.8957	1.8105	1.7611	1.7497	1.7514	1.7821	1.8037
"Argentina"	32	3.154	3.1265	3.0895	3.049	3.1455	3.44	3.15	3.053	2.9	2.63	2.35	2.254	2.163	2.0775	1.997	1.921	1.85	1.85	1.85	1.85
"Bolivia"	68	6.75	6.75	6.63	6.56	6.5	5.8	5.2995	5	4.8	4.324	3.9585	3.5	3.091	2.7465	2.4715	2.2595	2.0995	1.9795	1.9	1.85
"Brazil"	76	6.1505	6.1505	6.1505	5.38	4.7175	4.305	3.8	3.1	2.6	2.45	2.2505	1.9	1.7	1.6	1.5205	1.5005	1.5495	1.5995	1.6995	1.7505
"Chile"	152	4.95	5.486	5.4385	4.4405	3.63	2.803	2.671	2.65	2.55	2.21	2	1.944	1.8945	1.8495	1.8495	1.8495	1.8495	1.8495	1.8495	1.8495
"Colombia"	170	6.76	6.76	6.76	6.181	5.0005	4.34	3.6845	3.24	3	2.7525	2.55	2.45	2.3015	2.1945	2.102	2.0205	1.9485	1.884	1.85	1.8495
"Ecuador"	218	6.7	6.7	6.7	6.5	6.001	5.401	4.701	4	3.401	3.1	2.818	2.578	2.382	2.225	2.1	2.015	1.947	1.893	1.85	1.85
"French Guiana"	254	5	4.92	5.02	5	4.18	3.3	3.58	3.73	4.05	3.9265	3.6758	3.272	2.969	2.74	2.559	2.412	2.289	2.184	2.093	2.012
"Guyana"	328	6.68	6.77	6.15	6.11	4.9	3.94	3.26	2.7	2.55	2.5	2.425	2.334	2.223	2.126	2.042	1.967	1.9	1.853	1.85	1.85
"Paraguay"	600	6.5	6.5	6.45	6.15	5.3505	5.2	5.2	4.77	4.3095	3.88	3.48	3.083	2.7615	2.514	2.329	2.1975	2.1045	2.0395	1.994	1.9645
"Peru"	604	6.853	6.853	6.853	6.56	6	5.378	4.65	4.1	3.57	3.1	2.8	2.5995	2.3825	2.218	2.0975	2.01	1.947	1.9035	1.8715	1.85
"Suriname"	740	6.56	6.56	6.56	5.945	5.289	4.203	3.7	3	2.6	2.8	2.5975	2.415	2.291	2.185	2.094	2.014	1.942	1.878	1.85	1.85
"Uruguay"	858	2.7305	2.831	2.9005	2.8	3	2.887	2.57	2.529	2.4865	2.3005	2.2005	2.115	2.031	1.958	1.892	1.8515	1.85	1.85	1.85	1.85
"Venezuela (Bolivarian Republic of)"	862	6.4585	6.4585	6.657	5.9045	4.941	4.4685	3.957	3.6485	3.25	2.9415	2.723	2.547	2.3935	2.261	2.1475	2.052	1.9725	1.905	1.85	1.85
"Northern America"	905	3.3305	3.6292	3.3538	2.5664	2.0689	1.8247	1.8119	1.8956	1.9929	1.9528	1.9889	2.0415	1.983	1.922	1.8679	1.8422	1.8469	1.8499	1.85	1.85
"Canada"	124	3.645	3.882	3.675	2.61	1.976	1.734	1.634	1.616	1.694	1.562	1.516	1.566	1.615	1.665	1.715	1.765	1.815	1.849	1.85	1.85
"United States of America"	840	3.446	3.706	3.314	2.545	2.016	1.788	1.825	1.924	2.025	1.994	2.038	2.091	2.021	1.948	1.883	1.85	1.85	1.85	1.85	1.85
"Oceania"	909	3.8315	4.0417	4.0305	3.5856	3.2943	2.7409	2.5548	2.4929	2.4907	2.4583	2.418	2.4365	2.3934	2.313	2.247	2.183	2.12	2.0649	2.0193	1.9821
"Australia/New Zealand"	927	3.2509	3.4942	3.4846	2.9796	2.6819	2.0582	1.9225	1.8899	1.8956	1.806	1.7862	1.8617	1.8804	1.8664	1.8554	1.85	1.85	1.85	1.85	1.85
"Australia"	36	3.18	3.406	3.274	2.871	2.535	1.989	1.91	1.859	1.86	1.776	1.753	1.83	1.852	1.85	1.85	1.85	1.85	1.85	1.85	1.85
"New Zealand"	554	3.688	4.07	4.022	3.348	2.843	2.178	1.9727	2.0311	2.067	1.9525	1.949	2.017	2.018	1.946	1.882	1.85	1.85	1.85	1.85	1.85
"Melanesia"	928	6.2867	6.3198	6.3057	6.0547	5.7875	5.5847	5.1358	4.7232	4.4934	4.3986	4.1288	3.8856	3.5846	3.2312	2.9482	2.7277	2.5523	2.4068	2.2846	2.1807
"Fiji"	242	6.625	6.792	5.953	5	4.2	4.001	3.801	3.47	3.35	3.194	2.976	2.753	2.569	2.421	2.296	2.19	2.098	2.017	1.945	1.879
"New Caledonia"	540	5	5	5.3	5	5.15	3.9	3.33	3.07	2.89	2.622	2.281	2.097	2.006	1.936	1.873	1.85	1.85	1.85	1.85	1.85
"Papua New Guinea"	598	6.238	6.259	6.278	6.214	6.087	5.871	5.474	4.966	4.703	4.637	4.35	4.1	3.771	3.367	3.048	2.8	2.606	2.449	2.319	2.209
"Solomon Islands"	90	6.4	6.4	6.4	6.539	7.236	7.041	6.431	6.125	5.532	4.905	4.355	3.92	3.49	3.143	2.874	2.664	2.497	2.359	2.243	2.144
"Vanuatu"	548	7.6	7.35	7	6.46	6.11	5.75	5.4	5.04	4.83	4.59	4.3	4	3.599	3.229	2.941	2.717	2.539	2.394	2.273	2.17
"Micronesia"	954	6.1994	6.3922	6.3392	5.983	5.2821	4.7866	4.3665	3.9295	3.7187	3.318	2.8255	2.5311	2.3601	2.2321	2.1099	2.0024	1.9234	1.8529	1.7913	1.762
"Guam"	316	5.527	5.828	6.03	4.724	4.12	3.516	3.08	3.139	3.1	3	2.74	2.539	2.394	2.274	2.171	2.081	2.002	1.931	1.869	1.85
"Micronesia (Fed. States of)"	583	7.2	7	6.9	6.9	6.9	6.4	6	5.2	4.7932	4.5275	4.05	3.622	3.201	2.862	2.587	2.359	2.167	2.001	1.871	1.85
"Polynesia"	957	6.7407	6.9034	6.9864	6.4616	5.4694	4.8363	4.5922	4.4128	3.8502	3.5155	3.3232	3.0252	2.7321	2.511	2.3776	2.287	2.1917	2.0876	1.9867	1.9287
"French Polynesia"	258	6	6.4	6.501	6.199	5.15	4.229	3.815	3.569	3.05	2.6	2.35	2.206	2.133	2.048	1.973	1.906	1.855	1.85	1.85	1.85
"Samoa"	882	5	7.3	7.3	6.5	5.7	4.89	4.85	4.82	4.7	4.498	4.471	3.986	3.545	3.186	2.908	2.691	2.518	2.377	2.258	2.157
"Tonga"	776	7.3	7.3	7.3	6.5	5.5	5.5	5.5	4.736	4.524	4.178	4.189	4.048	3.605	3.234	2.945	2.72	2.541	2.396	2.275	2.171
